Approx_P
	mean: [0.96808211 0.91918799]
	std:  [0.00326681 0.01017751]
	min:  [0.95826114 0.89648612]
	max:  [0.97591591 0.94052546]
Approx_Greedy
	mean: [0.98491298 0.86872463]
	std:  [0.00158043 0.00971266]
	min:  [0.98017525 0.84084046]
	max:  [0.9886883  0.89889939]
