Approx_P
	mean: 0.942815150476
	std:  0.0261966770948
	min:  0.890807514651
	max:  0.974177564365
Approx_Greedy
	mean: 0.926496145037
	std:  0.0588560655592
	min:  0.84339353047
	max:  0.990581208362
